(0.0037174721189591076,0.006134969325153374)
(0.006691449814126394,0.018404907975460124)
(0.009665427509293681,0.03067484662576687)
(0.01412639405204461,0.03067484662576687)
(0.01858736059479554,0.03067484662576687)
(0.022304832713754646,0.03680981595092025)
(0.026022304832713755,0.04294478527607362)
(0.02899628252788104,0.05521472392638037)
(0.03271375464684015,0.06134969325153374)
(0.035687732342007436,0.0736196319018405)
(0.0379182156133829,0.09202453987730061)
(0.04237918215613383,0.09202453987730061)
(0.04460966542750929,0.11042944785276074)
(0.04758364312267658,0.12269938650306748)
(0.05204460966542751,0.12269938650306748)
(0.05650557620817844,0.12269938650306748)
(0.060966542750929366,0.12269938650306748)
(0.06468401486988848,0.12883435582822086)
(0.0691449814126394,0.12883435582822086)
(0.07286245353159851,0.13496932515337423)
(0.07732342007434945,0.13496932515337423)
(0.08178438661710037,0.13496932515337423)
(0.08550185873605948,0.1411042944785276)
(0.08996282527881042,0.1411042944785276)
(0.09368029739776952,0.147239263803681)
(0.09814126394052045,0.147239263803681)
(0.10111524163568773,0.15950920245398773)
(0.1033457249070632,0.17791411042944785)
(0.10557620817843866,0.19631901840490798)
(0.10929368029739776,0.20245398773006135)
(0.11226765799256505,0.2147239263803681)
(0.11672862453531599,0.2147239263803681)
(0.12118959107806691,0.2147239263803681)
(0.1241635687732342,0.22699386503067484)
(0.12788104089219332,0.2331288343558282)
(0.1315985130111524,0.2392638036809816)
(0.13457249070631971,0.25153374233128833)
(0.13680297397769517,0.26993865030674846)
(0.13977695167286244,0.2822085889570552)
(0.14423791821561338,0.2822085889570552)
(0.1479553903345725,0.2883435582822086)
(0.15018587360594796,0.3067484662576687)
(0.15315985130111523,0.31901840490797545)
(0.15687732342007435,0.32515337423312884)
(0.15985130111524162,0.3374233128834356)
(0.16431226765799256,0.3374233128834356)
(0.16802973977695168,0.34355828220858897)
(0.1724907063197026,0.34355828220858897)
(0.17695167286245353,0.34355828220858897)
(0.18066914498141265,0.3496932515337423)
(0.18513011152416356,0.3496932515337423)
(0.18884758364312268,0.3558282208588957)
(0.19182156133828995,0.36809815950920244)
(0.1962825278810409,0.36809815950920244)
(0.19925650557620816,0.3803680981595092)
(0.20297397769516728,0.38650306748466257)
(0.2066914498141264,0.39263803680981596)
(0.21115241635687731,0.39263803680981596)
(0.21561338289962825,0.39263803680981596)
(0.21933085501858737,0.3987730061349693)
(0.22304832713754646,0.4049079754601227)
(0.22676579925650558,0.4110429447852761)
(0.23048327137546468,0.4171779141104294)
(0.23494423791821561,0.4171779141104294)
(0.23940520446096655,0.4171779141104294)
(0.24237918215613383,0.4294478527607362)
(0.24609665427509295,0.43558282208588955)
(0.24981412639405204,0.44171779141104295)
(0.25353159851301116,0.44785276073619634)
(0.25799256505576207,0.44785276073619634)
(0.26245353159851303,0.44785276073619634)
(0.2654275092936803,0.4601226993865031)
(0.2698884758364312,0.4601226993865031)
(0.27360594795539034,0.4662576687116564)
(0.27732342007434946,0.4723926380368098)
(0.28178438661710037,0.4723926380368098)
(0.2862453531598513,0.4723926380368098)
(0.29070631970260224,0.4723926380368098)
(0.29516728624535316,0.4723926380368098)
(0.29814126394052043,0.48466257668711654)
(0.30185873605947955,0.49079754601226994)
(0.30631970260223046,0.49079754601226994)
(0.3107806691449814,0.49079754601226994)
(0.31449814126394054,0.49693251533742333)
(0.31895910780669146,0.49693251533742333)
(0.32342007434944237,0.49693251533742333)
(0.32788104089219333,0.49693251533742333)
(0.3315985130111524,0.5030674846625767)
(0.3353159851301115,0.50920245398773)
(0.3397769516728624,0.50920245398773)
(0.3442379182156134,0.50920245398773)
(0.3479553903345725,0.5153374233128835)
(0.3516728624535316,0.5214723926380368)
(0.35613382899628254,0.5214723926380368)
(0.36059479553903345,0.5214723926380368)
(0.36282527881040894,0.5398773006134969)
(0.36654275092936806,0.5460122699386503)
(0.3702602230483271,0.5521472392638037)
(0.37397769516728624,0.558282208588957)
(0.37843866171003715,0.558282208588957)
(0.38066914498141263,0.5766871165644172)
(0.38438661710037175,0.5828220858895705)
(0.38884758364312266,0.5828220858895705)
(0.3925650557620818,0.588957055214724)
(0.39553903345724906,0.6012269938650306)
(0.39851301115241633,0.6134969325153374)
(0.4029739776951673,0.6134969325153374)
(0.40594795539033457,0.6257668711656442)
(0.4096654275092937,0.6319018404907976)
(0.41263940520446096,0.6441717791411042)
(0.4171003717472119,0.6441717791411042)
(0.42156133828996284,0.6441717791411042)
(0.42602230483271375,0.6441717791411042)
(0.43048327137546466,0.6441717791411042)
(0.433457249070632,0.656441717791411)
(0.43717472118959105,0.6625766871165644)
(0.441635687732342,0.6625766871165644)
(0.44609665427509293,0.6625766871165644)
(0.45055762081784384,0.6625766871165644)
(0.4550185873605948,0.6625766871165644)
(0.4594795539033457,0.6625766871165644)
(0.46319702602230484,0.6687116564417178)
(0.46691449814126396,0.6748466257668712)
(0.4706319702602231,0.6809815950920245)
(0.47434944237918214,0.6871165644171779)
(0.4765799256505576,0.7055214723926381)
(0.48104089219330853,0.7055214723926381)
(0.48475836431226765,0.7116564417177914)
(0.48921933085501856,0.7116564417177914)
(0.4929368029739777,0.7177914110429447)
(0.49739776951672865,0.7177914110429447)
(0.5003717472118959,0.7300613496932515)
(0.5048327137546469,0.7300613496932515)
(0.5092936802973977,0.7300613496932515)
(0.5137546468401487,0.7300613496932515)
(0.5182156133828997,0.7300613496932515)
(0.5219330855018587,0.7361963190184049)
(0.5256505576208178,0.7423312883435583)
(0.5293680297397769,0.7484662576687117)
(0.5338289962825279,0.7484662576687117)
(0.5382899628252789,0.7484662576687117)
(0.5427509293680297,0.7484662576687117)
(0.5472118959107807,0.7484662576687117)
(0.5509293680297398,0.754601226993865)
(0.5546468401486989,0.7607361963190185)
(0.558364312267658,0.7668711656441718)
(0.5628252788104089,0.7668711656441718)
(0.5672862453531599,0.7668711656441718)
(0.571003717472119,0.7730061349693251)
(0.5747211895910781,0.7791411042944786)
(0.579182156133829,0.7791411042944786)
(0.5828996282527881,0.7852760736196319)
(0.587360594795539,0.7852760736196319)
(0.59182156133829,0.7852760736196319)
(0.5955390334572491,0.7914110429447853)
(0.5992565055762081,0.7975460122699386)
(0.6029739776951673,0.803680981595092)
(0.6074349442379182,0.803680981595092)
(0.6118959107806692,0.803680981595092)
(0.6156133828996283,0.8098159509202454)
(0.6193308550185873,0.8159509202453987)
(0.6237918215613383,0.8159509202453987)
(0.6282527881040892,0.8159509202453987)
(0.6327137546468401,0.8159509202453987)
(0.6364312267657992,0.8220858895705522)
(0.6408921933085502,0.8220858895705522)
(0.6453531598513012,0.8220858895705522)
(0.649814126394052,0.8220858895705522)
(0.6535315985130111,0.8282208588957055)
(0.6572490706319702,0.8343558282208589)
(0.6617100371747212,0.8343558282208589)
(0.6654275092936803,0.8404907975460123)
(0.6691449814126395,0.8466257668711656)
(0.6736059479553903,0.8466257668711656)
(0.6780669144981413,0.8466257668711656)
(0.6825278810408922,0.8466257668711656)
(0.6869888475836431,0.8466257668711656)
(0.6907063197026022,0.852760736196319)
(0.6944237918215613,0.8588957055214724)
(0.6988847583643123,0.8588957055214724)
(0.7033457249070632,0.8588957055214724)
(0.7078066914498141,0.8588957055214724)
(0.7122676579925651,0.8588957055214724)
(0.7159851301115242,0.8650306748466258)
(0.7204460966542751,0.8650306748466258)
(0.7234200743494423,0.8773006134969326)
(0.7278810408921933,0.8773006134969326)
(0.7323420074349443,0.8773006134969326)
(0.7368029739776951,0.8773006134969326)
(0.7397769516728625,0.8895705521472392)
(0.7442379182156134,0.8895705521472392)
(0.7486988847583643,0.8895705521472392)
(0.7531598513011153,0.8895705521472392)
(0.7568773234200743,0.8957055214723927)
(0.7613382899628253,0.8957055214723927)
(0.7650557620817844,0.901840490797546)
(0.7695167286245354,0.901840490797546)
(0.7739776951672862,0.901840490797546)
(0.7776951672862453,0.9079754601226994)
(0.7814126394052044,0.9141104294478528)
(0.7858736059479554,0.9141104294478528)
(0.7903345724907063,0.9141104294478528)
(0.7947955390334572,0.9141104294478528)
(0.7992565055762082,0.9141104294478528)
(0.803717472118959,0.9141104294478528)
(0.8074349442379182,0.9202453987730062)
(0.8118959107806691,0.9202453987730062)
(0.8163568773234201,0.9202453987730062)
(0.820817843866171,0.9202453987730062)
(0.8252788104089219,0.9202453987730062)
(0.828996282527881,0.9263803680981595)
(0.833457249070632,0.9263803680981595)
(0.8371747211895911,0.9325153374233128)
(0.841635687732342,0.9325153374233128)
(0.846096654275093,0.9325153374233128)
(0.8498141263940521,0.9386503067484663)
(0.8542750929368029,0.9386503067484663)
(0.8587360594795539,0.9386503067484663)
(0.8631970260223049,0.9386503067484663)
(0.866914498141264,0.9447852760736196)
(0.8706319702602231,0.950920245398773)
(0.8743494423791821,0.9570552147239264)
(0.8780669144981412,0.9631901840490797)
(0.8817843866171003,0.9693251533742331)
(0.8862453531598513,0.9693251533742331)
(0.8907063197026023,0.9693251533742331)
(0.8951672862453531,0.9693251533742331)
(0.8996282527881041,0.9693251533742331)
(0.9033457249070632,0.9754601226993865)
(0.9078066914498141,0.9754601226993865)
(0.912267657992565,0.9754601226993865)
(0.916728624535316,0.9754601226993865)
(0.9211895910780669,0.9754601226993865)
(0.9256505576208178,0.9754601226993865)
(0.929368029739777,0.9815950920245399)
(0.9338289962825279,0.9815950920245399)
(0.9382899628252788,0.9815950920245399)
(0.9427509293680297,0.9815950920245399)
(0.9472118959107807,0.9815950920245399)
(0.9516728624535316,0.9815950920245399)
(0.9561338289962825,0.9815950920245399)
(0.9605947955390335,0.9815950920245399)
(0.9650557620817843,0.9815950920245399)
(0.9695167286245353,0.9815950920245399)
(0.9732342007434944,0.9877300613496932)
(0.9776951672862454,0.9877300613496932)
(0.9821561338289962,0.9877300613496932)
(0.9866171003717472,0.9877300613496932)
(0.9895910780669145,1.0)
(0.9940520446096655,1.0)
(0.9985130111524163,1.0)
(1.0,1.0)
